1746511131.79999995231628417969 -0.06154858065812454648 -0.29340628889632436316 71.55749204128174767447
1746511131.90000009536743164062 0.15359471666890872621 -0.89909590986876786189 72.56649613421838296290
1746511132.00000000000000000000 0.55192734686913447195 -0.01716929801654330789 67.26439492461365432519
1746511132.09999990463256835938 -1.02094933715288416209 -0.67205240031140756063 60.93481985944682577383
1746511132.20000004768371582031 -10.73950302920677835061 -7.86914244879681668010 34.76079783631131903121
1746511132.29999995231628417969 -0.23564386239160506342 -0.70051933217332251758 57.46458021646311209452
1746511132.40000009536743164062 -0.55103161620647966856 -1.00966978129275863907 55.18614519308442112333
1746511133.59999990463256835938 -0.03723745924606891577 0.16277353791941581718 84.03124323113982541145
1746511133.70000004768371582031 0.03532279710691138552 1.59441559516388009499 87.51288504282457836325
1746511133.79999995231628417969 0.69938002117854114470 1.12469562042285886605 88.23538213962304155302
1746511133.90000009536743164062 0.33652384104743027216 0.95374518315693868065 86.60609107070003176432
1746511135.09999990463256835938 -0.00980232555372428926 1.41215778094259691855 89.56366595632356109036
1746511135.40000009536743164062 -0.35889047127369572143 0.86020775590823284062 85.98814095779115973528
1746511143.20000004768371582031 -0.98400546762622020935 4.56070731333324630441 132.92069687879543948839
1746511143.29999995231628417969 -35.51832259248617873482 77.74905995735544195213 -74.56482431155160384151
1746511143.40000009536743164062 -1.05870140069955231965 4.11172584776938165874 125.67385011942903361160
1746511144.40000009536743164062 -1.39759358382645482166 4.66282779558899918015 90.70307707667313934508
1746511144.50000000000000000000 0.66163230670473238693 1.15196888581420520126 86.84709415698709733533
1746511339.40000009536743164062 -0.94598335183214221633 0.23442291619944838343 65.70491602223961535856
1746511339.50000000000000000000 -2.59319968056243066457 1.34694607377967900952 -104.44700850384481327637
1746511339.59999990463256835938 -0.21251549086129684074 -0.91442638153696509384 73.15073618003674482679
1746511339.79999995231628417969 -0.23487735560757672104 1.00530352104252385104 81.02636075237198554078
1746511340.00000000000000000000 -8.96452252794801296432 -4.52554001390369187163 60.97900673889188283283
1746511351.20000004768371582031 -0.35828813580177804043 0.04578526583091760416 84.30470560546189062734
1746511351.29999995231628417969 -0.30843662096086721380 0.12006826326197467258 82.54604362534709594001
1746511351.40000009536743164062 -0.36947856934559242248 0.06547025808241116462 79.55289014288810278686
1746511351.50000000000000000000 -0.36213235451948222465 0.09914104828050160356 76.74857664602465945336
1746511351.59999990463256835938 -0.35520345511420625684 0.13331925217298110087 73.92515278437022629987
1746511351.70000004768371582031 -0.34894139652877009805 0.16639855293109068191 70.86868363806283355188
1746511351.79999995231628417969 -0.33628869186139132008 0.19547364723534454978 68.08893255288255375035
1746511352.79999995231628417969 -0.20263597822575005192 0.39316001689974233724 78.65913370153383255001
1746511352.90000009536743164062 -0.22366081989429953403 0.31333516271430383870 79.17144213689687148872
1746511353.00000000000000000000 -0.21880850262886625268 0.42167921789031953539 78.26414843658955078354
1746511358.20000004768371582031 -0.02386503443346980891 2.19461525880481156392 85.67320145075021287084
1746511363.20000004768371582031 0.12008624791057562198 4.17171649085861240280 112.21498217769840266556
1746511363.29999995231628417969 0.11033997295902928104 4.17883436781137707072 115.73939208229413111439
1746511363.40000009536743164062 0.08526573108933252487 4.20850775713252023280 119.21405220071696362538
1746511363.50000000000000000000 0.07876770737748570173 4.22884306708763446636 123.10382128698607573369
1746511363.59999990463256835938 0.03145635958116069220 4.32371960626288931451 126.50367842366478043914
1746511363.70000004768371582031 0.01061375688177512711 4.37581684269449056046 128.83817552195895927980
1746511363.79999995231628417969 -0.00050607356626072852 4.36292931997976030090 129.03928645054631374478
1746511366.20000004768371582031 -0.58036782293562683144 4.85597249883226389500 117.62144964456230411542
1746511366.29999995231628417969 -0.90116213512148957143 2.28126450285382187388 107.39204778607606272089
1746511366.50000000000000000000 -0.58465330177004370960 4.77284201189290158140 101.94651710058585081242
1746511366.59999990463256835938 -0.73798981800302121403 5.01232016860376639045 99.08408182910726225145
1746511366.70000004768371582031 -0.64976898248505465805 5.01014270915558945774 95.34663371061080283653
1746511366.79999995231628417969 -0.74073782980272862009 5.14086877333074809826 92.66877215888618479767
1746511366.90000009536743164062 -0.58723896097902661406 4.99349427113498478548 91.43464767696120532037
1746511367.00000000000000000000 -0.70736433975256940432 5.04747778448982931110 89.86806290231993443740
1746511367.09999990463256835938 -0.51438012528945231683 4.83244921694075380003 90.39266884471679475155
1746511367.20000004768371582031 -20.17918855788582632727 51.62700840386781209190 -91.84607823918895519455
1746511370.79999995231628417969 -0.73774595004440346457 6.33786915236768422233 86.91919208918375261419
1746511370.90000009536743164062 -0.73485442463517003375 6.37906860718451440562 84.35278775159555664231
1746511371.00000000000000000000 -0.73351797116877770488 6.39759863786569393795 79.81960659960586212947
1746511371.09999990463256835938 -0.72880139437808977299 6.46275124072055007218 77.23123402079221477834
1746511371.20000004768371582031 -0.67087258389445669771 6.57568207616317756958 73.72824272502293752041
1746511371.29999995231628417969 -0.66358746452678307737 6.64837014222560274135 69.93460597034733439159
1746511371.40000009536743164062 -0.64486579972836388652 6.59798522665307629609 66.44409040508757868793
1746511372.40000009536743164062 -0.44323844700755377080 6.80310187903662111353 28.79478800829504336889
1746511372.50000000000000000000 -0.34507042196289638980 6.89527071714250361367 24.50504031415686512219
1746511372.59999990463256835938 -0.34672314268843901219 6.86601460529941398647 20.81864152834938508363
1746511372.70000004768371582031 -0.39703241313580583949 6.77004980680383994240 18.50981779352796863236
1746511372.79999995231628417969 -0.33867586789975256956 6.85271445406165380376 16.08000009615581760158
1746511372.90000009536743164062 -0.34607287468824188270 6.86573967586259392704 15.64549828925269281399
1746511373.00000000000000000000 -0.37426486074497400391 6.86697610828297033692 16.13188527581756304130
1746511375.20000004768371582031 0.41639659701902104194 7.24263321479827038019 63.71242587563036607889
1746511375.29999995231628417969 0.63613532129655925296 7.53094241824282928377 66.34812754424142156040
1746511375.40000009536743164062 0.59619584602980468802 7.53885433222703316147 68.57897037026729947229
1746511375.50000000000000000000 1.35612136275053352108 9.43841117518628536232 75.30280354798888708956
1746511375.59999990463256835938 23.08150920071351919205 126.41691464463305294430 -84.67228972186573798808
1746511375.70000004768371582031 0.61197474870798129754 7.64205812458198341375 75.03829786890310060699
1746511375.79999995231628417969 0.63893466091287542952 7.58609437048004942028 71.93156829683624664540
1746511376.79999995231628417969 0.53467501783088966505 7.60348880294462503571 52.96106306651362416460
1746511377.79999995231628417969 0.66536229516914668913 7.93305502376327886793 73.88609753069306407269
1746511377.90000009536743164062 0.66981136533982210679 7.95996324669765709103 72.46145008200521431263
1746511378.00000000000000000000 0.66782152158162577660 7.93460466204691972081 71.99683043202549015405
1746511378.09999990463256835938 0.65995894950653766209 7.94607059734674603391 70.01485839841586766852
1746511378.20000004768371582031 0.64827145656055840117 7.95701475126260149295 67.20530268423547681778
1746511378.29999995231628417969 0.61288558105996904235 7.71735418966733011104 66.03851163470812934975
1746511378.40000009536743164062 -33.96461409828753374995 -11.93870210248041985324 0.88110102568753556618
1746511384.59999990463256835938 1.16341471895102066547 10.49657844231402314961 88.99311996533907631601
1746511384.70000004768371582031 1.08917164046130543475 10.36779244797610211037 87.64820239294175507894
1746511384.79999995231628417969 1.09013945749211127456 10.39384063252745171724 87.75974313882689159527
1746511384.90000009536743164062 1.12317689914689067265 10.44775295321338326460 87.67405741225256576854
1746511385.00000000000000000000 1.13233662873121443404 10.49974178484012199419 87.50187656280374426387
1746511388.59999990463256835938 1.30132482918450431697 11.64007446036634618736 82.36244249827613828074
1746511388.70000004768371582031 1.33975517388052556278 11.72962224134951370047 81.17157574149663901153
1746511388.79999995231628417969 1.21746541998520374506 11.65996869627277554571 80.82711745845129769350
1746511388.90000009536743164062 1.38124181777053767206 11.78168135322036569335 81.81203781709542965928
1746511389.00000000000000000000 1.31453382412530905832 11.79742806492933304696 81.99094872121136745591
1746511389.09999990463256835938 1.26819756169322417350 11.81034969429318159939 81.61993259144314549758
1746511389.20000004768371582031 1.31922026881619980365 11.84170655802316751704 81.29272255944816549800
1746511391.79999995231628417969 1.33223715145445886776 12.62183740181519908674 96.49962289098851897506
1746511391.90000009536743164062 1.40030956349756818824 12.76424851086084188978 96.80510024713659333884
1746511392.00000000000000000000 1.37494565799841739206 12.80748272355073957840 96.51472913565432065752
1746511393.00000000000000000000 1.39501131822748569711 13.13260904740314138905 83.11783711457688639257
1746511393.09999990463256835938 1.38299779105554598857 13.20762622774275740767 82.07041976332091337554
1746511393.20000004768371582031 1.37294107835429213260 13.16888328717922718170 82.20474577232067758814
1746511394.20000004768371582031 1.37331040300945694810 13.48155051170723339737 126.26226226328849122638
1746511394.29999995231628417969 1.37323271614401609675 13.48310427176488524026 130.24801598165149130182
1746511394.40000009536743164062 -189.23248291520877728544 250.19446838088421714019 -47.87482621110746094928
1746511394.50000000000000000000 1.36842701074711081688 13.48901913187214063328 134.97625303013376196759
1746511394.59999990463256835938 1.35748987933311737741 13.49948589411023824880 136.18306692782039135636
1746511394.70000004768371582031 1.34034660700923380361 13.51598574775603722742 138.22525088553217642584
1746511394.79999995231628417969 1.32325915072412381157 13.53178028260616727607 140.43015909218513570522
1746511394.90000009536743164062 1.29859731627639174434 13.54868458248476414951 143.49066599554780054859
1746511395.00000000000000000000 1.27804920182924464100 13.54010775259898657907 146.04398525491174609670
1746511395.09999990463256835938 1.24334119339304982610 13.58911652580549578317 151.62224899664195731930
1746511395.20000004768371582031 1.23337390867439378184 13.58729351995556022814 157.32528452608363522813
1746511395.29999995231628417969 1.23340629916835631263 13.58630744665141243388 163.22801315333060756529
1746511395.40000009536743164062 1.22635254253033543215 13.58632168044340637891 168.12921724235502551892
1746511395.50000000000000000000 1.21982721983467401472 13.58886045601541070482 171.93595271846743344213
1746511395.59999990463256835938 1.19410214574353656936 13.59566213206316831474 178.34549784680214656873
1746511395.70000004768371582031 1.17612864636221647885 13.59558244480958322242 179.62961402176674141629
1746511395.79999995231628417969 1.14198250991370930940 13.59454967052576357389 -178.07481445683646370526
1746511395.90000009536743164062 1.12264767417626054602 13.59420627606606224447 -175.89294749504398396311
1746511396.00000000000000000000 1.09251049445881709410 13.59169618783785438154 -173.92767884979491554986
1746511396.09999990463256835938 -35.63719820984148611842 12.83327172403557625557 -5.24215708001022129281
1746511396.20000004768371582031 0.77696978546193207205 13.54949720727926631980 -173.21040673300197454409
1746511396.29999995231628417969 0.80464265990908834247 13.52882204370084728851 -173.09596438553151642736
1746511396.40000009536743164062 0.94815868351930032709 13.58007362005476004185 -171.06942894984319991636
1746511397.40000009536743164062 0.79693031074829001614 13.54578730441705047838 -179.09875765639878864022
1746511398.59999990463256835938 0.18491061162883315472 13.58930335296189895189 171.84925492464955709693
1746511514.70000004768371582031 -1.25866075613586225757 4.75563248818148132102 165.61422997241379562183
1746511514.79999995231628417969 -4.87059338613283010488 6.34624618593555034352 164.20560681716423800935
1746511514.90000009536743164062 -3.03677659093961649361 6.57732040546505647427 158.18894100105524103128
1746511515.00000000000000000000 -3.29869972879157646872 5.66358279554723331728 158.76248688355843796671
1746511515.09999990463256835938 -1.36312671968720233728 12.38840093342523296371 161.12974588141227627602
1746511515.20000004768371582031 -1.40562395517391514055 6.09198792243873565866 152.48283921475893976094
1746511515.29999995231628417969 -2.47587493575724559847 7.70295530207345180429 149.13772605335259413550
1746511515.40000009536743164062 -3.06684450448461110028 7.04315974255498566947 144.40949142292583928793
1746511515.50000000000000000000 -2.90741461982296467426 8.98429161898369699202 141.63552304583257068771
1746511515.59999990463256835938 -1.83163637999768669218 6.66130755157627785223 138.17589480585215255815
1746511523.59999990463256835938 23.73266536014611460814 -1.48106204363168458826 163.81864767009508909723
1746511531.20000004768371582031 -150.25958636720173444701 8.75535591038465810243 8.50521558421739065636
1746511561.59999990463256835938 -13.10486969518817446101 12.63621313481390906475 -134.98180049760313181650
1746511561.70000004768371582031 -13.88557621250856399797 13.26542108944208919752 -128.99718768489668718757
1746511561.79999995231628417969 -14.86694221679309180217 14.09502054405314375174 -123.71611559759740828213
1746511561.90000009536743164062 -14.60593205180612841332 13.56987957672774669504 -122.01365465284489175701
1746511562.00000000000000000000 -13.36252810943427249413 13.38391178402613768128 -119.42992540929064659849
1746511562.09999990463256835938 -13.36667315634749897413 14.20843897228620278383 -115.65227189414730446515
1746511562.20000004768371582031 -10.87296165242089429626 12.97909401502089998814 -115.91094186687958256243
1746511637.00000000000000000000 -0.56256754523964558334 4.26658391580048768077 171.36168409416433178194
1746511637.09999990463256835938 -0.21891157611510478342 4.48217437318074196639 169.96525752373287332375
1746511637.20000004768371582031 -11.70387107655044900412 -25.04383094376157004035 74.60804661700275630665
1746511637.29999995231628417969 -555.58063614436571242550 135.70505687633016123073 3.60241739517023118466
1746511637.40000009536743164062 0.06854311696728254688 4.58878128837614962521 163.38281433544651122247
1746511637.50000000000000000000 0.16769276391072390764 4.40105061400635300117 164.48591238779570744555
1746511637.59999990463256835938 -0.31835181801677492341 4.78007596161711223459 166.73815648850322190810
1746511641.00000000000000000000 -1.17929653783210319773 4.44348151609506558657 166.22054107218153262693
1746511754.29999995231628417969 3.25163053968358051193 3.19672930209614714059 166.89770697535746535323
1746511754.40000009536743164062 -140.53074995133275137960 71.16713944551030124330 -32.13574490243864545391
1746511851.59999990463256835938 -0.94468831905198613619 -0.59292989791901462571 61.12110994284918774611
1746511852.00000000000000000000 -0.41794774229540282429 -0.27716125862292295690 76.35268769293743673643
1746511852.09999990463256835938 -0.22468764720974521154 0.16940713334699236681 77.42642334136748161200
1746511852.20000004768371582031 0.54191374201719200165 0.73379675402821920027 78.78157075609513526615
1746511858.50000000000000000000 3.87750370525984733305 2.03288349583444416524 146.01303108387165252680
1746511858.59999990463256835938 0.34261286834215920472 4.64915545300984422994 149.60508618927516977237
1746511858.79999995231628417969 1.31299177350300810829 4.03333870730530374971 152.81080636096805847046
1746511860.20000004768371582031 2.18369265450359906211 4.01706088455514276347 130.17459396942561511423
1746511860.29999995231628417969 1.03669400364227559663 3.53329775419552616356 125.76019491221221358046
1746511861.70000004768371582031 -0.29645734599929723929 0.89322809275285397490 64.17695912515206657645
1746511861.90000009536743164062 -0.77674321780427357798 0.07633416902952200322 50.28580873052693789305
1746511862.00000000000000000000 -0.90771248267171888990 0.03463569658107204519 43.30714750706525961732
1746511862.09999990463256835938 -0.90544606284256468065 0.11340395191182975343 36.94765622159435025651
1746511862.20000004768371582031 -0.91639138422473087608 0.12922535965281575776 32.15088530511651043753
1746511863.00000000000000000000 -4.83887561302266977492 3.44941884572951140697 -38.12919838285737483830
1746511863.20000004768371582031 -0.86304155795129022799 -0.02381503819992039292 0.19872984302703847193
1746511863.29999995231628417969 -0.84447897869266108639 -0.02104245231391732238 -1.81502711448552855877
